ID	ra_center	dec_center
1	0.000000	-90.000000
2	18.465700	-84.522774
3	75.848839	-84.522774
4	133.231978	-84.522774
5	190.615117	-84.522774
6	247.998256	-84.522774
7	305.381395	-84.522774
8	16.016436	-79.045549
9	44.839606	-79.045549
10	73.662776	-79.045549
11	102.485946	-79.045549
12	131.309116	-79.045549
13	160.132286	-79.045549
14	188.955456	-79.045549
15	217.778626	-79.045549
16	246.601796	-79.045549
17	275.424965	-79.045549
18	304.248135	-79.045549
19	333.071305	-79.045549
20	7.295498	-73.568323
21	26.658425	-73.568323
22	46.021352	-73.568323
23	65.384278	-73.568323
24	84.747205	-73.568323
25	104.110132	-73.568323
26	123.473058	-73.568323
27	142.835985	-73.568323
28	162.198911	-73.568323
29	181.561838	-73.568323
30	200.924765	-73.568323
31	220.287691	-73.568323
32	239.650618	-73.568323
33	259.013544	-73.568323
34	278.376471	-73.568323
35	297.739398	-73.568323
36	317.102324	-73.568323
37	336.465251	-73.568323
38	355.828178	-73.568323
39	3.602511	-68.091098
40	18.281569	-68.091098
41	32.960628	-68.091098
42	47.639686	-68.091098
43	62.318745	-68.091098
44	76.997803	-68.091098
45	91.676862	-68.091098
46	106.355920	-68.091098
47	121.034979	-68.091098
48	135.714037	-68.091098
49	150.393096	-68.091098
50	165.072154	-68.091098
51	179.751213	-68.091098
52	194.430271	-68.091098
53	209.109330	-68.091098
54	223.788388	-68.091098
55	238.467447	-68.091098
56	253.146505	-68.091098
57	267.825564	-68.091098
58	282.504622	-68.091098
59	297.183681	-68.091098
60	311.862739	-68.091098
61	326.541798	-68.091098
62	341.220856	-68.091098
63	355.899915	-68.091098
64	10.300956	-62.613872
65	22.208361	-62.613872
66	34.115766	-62.613872
67	46.023171	-62.613872
68	57.930577	-62.613872
69	69.837982	-62.613872
70	81.745387	-62.613872
71	93.652792	-62.613872
72	105.560197	-62.613872
73	117.467602	-62.613872
74	129.375007	-62.613872
75	141.282412	-62.613872
76	153.189817	-62.613872
77	165.097222	-62.613872
78	177.004628	-62.613872
79	188.912033	-62.613872
80	200.819438	-62.613872
81	212.726843	-62.613872
82	224.634248	-62.613872
83	236.541653	-62.613872
84	248.449058	-62.613872
85	260.356463	-62.613872
86	272.263868	-62.613872
87	284.171273	-62.613872
88	296.078679	-62.613872
89	307.986084	-62.613872
90	319.893489	-62.613872
91	331.800894	-62.613872
92	343.708299	-62.613872
93	355.615704	-62.613872
94	6.546441	-57.136647
95	16.640154	-57.136647
96	26.733868	-57.136647
97	36.827581	-57.136647
98	46.921295	-57.136647
99	57.015008	-57.136647
100	67.108721	-57.136647
101	77.202435	-57.136647
102	87.296148	-57.136647
103	97.389862	-57.136647
104	107.483575	-57.136647
105	117.577289	-57.136647
106	127.671002	-57.136647
107	137.764716	-57.136647
108	147.858429	-57.136647
109	157.952143	-57.136647
110	168.045856	-57.136647
111	178.139570	-57.136647
112	188.233283	-57.136647
113	198.326996	-57.136647
114	208.420710	-57.136647
115	218.514423	-57.136647
116	228.608137	-57.136647
117	238.701850	-57.136647
118	248.795564	-57.136647
119	258.889277	-57.136647
120	268.982991	-57.136647
121	279.076704	-57.136647
122	289.170418	-57.136647
123	299.264131	-57.136647
124	309.357844	-57.136647
125	319.451558	-57.136647
126	329.545271	-57.136647
127	339.638985	-57.136647
128	349.732698	-57.136647
129	359.826412	-57.136647
130	1.431736	-51.659421
131	10.261204	-51.659421
132	19.090673	-51.659421
133	27.920141	-51.659421
134	36.749610	-51.659421
135	45.579078	-51.659421
136	54.408547	-51.659421
137	63.238016	-51.659421
138	72.067484	-51.659421
139	80.896953	-51.659421
140	89.726421	-51.659421
141	98.555890	-51.659421
142	107.385358	-51.659421
143	116.214827	-51.659421
144	125.044295	-51.659421
145	133.873764	-51.659421
146	142.703232	-51.659421
147	151.532701	-51.659421
148	160.362169	-51.659421
149	169.191638	-51.659421
150	178.021106	-51.659421
151	186.850575	-51.659421
152	195.680044	-51.659421
153	204.509512	-51.659421
154	213.338981	-51.659421
155	222.168449	-51.659421
156	230.997918	-51.659421
157	239.827386	-51.659421
158	248.656855	-51.659421
159	257.486323	-51.659421
160	266.315792	-51.659421
161	275.145260	-51.659421
162	283.974729	-51.659421
163	292.804197	-51.659421
164	301.633666	-51.659421
165	310.463134	-51.659421
166	319.292603	-51.659421
167	328.122071	-51.659421
168	336.951540	-51.659421
169	345.781009	-51.659421
170	354.610477	-51.659421
171	2.125665	-46.182195
172	10.036531	-46.182195
173	17.947396	-46.182195
174	25.858262	-46.182195
175	33.769127	-46.182195
176	41.679993	-46.182195
177	49.590858	-46.182195
178	57.501724	-46.182195
179	65.412589	-46.182195
180	73.323455	-46.182195
181	81.234320	-46.182195
182	89.145186	-46.182195
183	97.056051	-46.182195
184	104.966917	-46.182195
185	112.877782	-46.182195
186	120.788648	-46.182195
187	128.699513	-46.182195
188	136.610379	-46.182195
189	144.521244	-46.182195
190	152.432109	-46.182195
191	160.342975	-46.182195
192	168.253840	-46.182195
193	176.164706	-46.182195
194	184.075571	-46.182195
195	191.986437	-46.182195
196	199.897302	-46.182195
197	207.808168	-46.182195
198	215.719033	-46.182195
199	223.629899	-46.182195
200	231.540764	-46.182195
201	239.451630	-46.182195
202	247.362495	-46.182195
203	255.273361	-46.182195
204	263.184226	-46.182195
205	271.095092	-46.182195
206	279.005957	-46.182195
207	286.916823	-46.182195
208	294.827688	-46.182195
209	302.738554	-46.182195
210	310.649419	-46.182195
211	318.560285	-46.182195
212	326.471150	-46.182195
213	334.382016	-46.182195
214	342.292881	-46.182195
215	350.203746	-46.182195
216	358.114612	-46.182195
217	2.064919	-40.704970
218	9.290069	-40.704970
219	16.515219	-40.704970
220	23.740369	-40.704970
221	30.965519	-40.704970
222	38.190669	-40.704970
223	45.415818	-40.704970
224	52.640968	-40.704970
225	59.866118	-40.704970
226	67.091268	-40.704970
227	74.316418	-40.704970
228	81.541568	-40.704970
229	88.766718	-40.704970
230	95.991868	-40.704970
231	103.217018	-40.704970
232	110.442168	-40.704970
233	117.667318	-40.704970
234	124.892468	-40.704970
235	132.117618	-40.704970
236	139.342768	-40.704970
237	146.567918	-40.704970
238	153.793068	-40.704970
239	161.018218	-40.704970
240	168.243368	-40.704970
241	175.468518	-40.704970
242	182.693668	-40.704970
243	189.918818	-40.704970
244	197.143968	-40.704970
245	204.369118	-40.704970
246	211.594268	-40.704970
247	218.819418	-40.704970
248	226.044568	-40.704970
249	233.269718	-40.704970
250	240.494867	-40.704970
251	247.720017	-40.704970
252	254.945167	-40.704970
253	262.170317	-40.704970
254	269.395467	-40.704970
255	276.620617	-40.704970
256	283.845767	-40.704970
257	291.070917	-40.704970
258	298.296067	-40.704970
259	305.521217	-40.704970
260	312.746367	-40.704970
261	319.971517	-40.704970
262	327.196667	-40.704970
263	334.421817	-40.704970
264	341.646967	-40.704970
265	348.872117	-40.704970
266	356.097267	-40.704970
267	4.254813	-35.227744
268	10.959986	-35.227744
269	17.665159	-35.227744
270	24.370331	-35.227744
271	31.075504	-35.227744
272	37.780677	-35.227744
273	44.485850	-35.227744
274	51.191023	-35.227744
275	57.896196	-35.227744
276	64.601369	-35.227744
277	71.306541	-35.227744
278	78.011714	-35.227744
279	84.716887	-35.227744
280	91.422060	-35.227744
281	98.127233	-35.227744
282	104.832406	-35.227744
283	111.537579	-35.227744
284	118.242751	-35.227744
285	124.947924	-35.227744
286	131.653097	-35.227744
287	138.358270	-35.227744
288	145.063443	-35.227744
289	151.768616	-35.227744
290	158.473789	-35.227744
291	165.178962	-35.227744
292	171.884134	-35.227744
293	178.589307	-35.227744
294	185.294480	-35.227744
295	191.999653	-35.227744
296	198.704826	-35.227744
297	205.409999	-35.227744
298	212.115172	-35.227744
299	218.820344	-35.227744
300	225.525517	-35.227744
301	232.230690	-35.227744
302	238.935863	-35.227744
303	245.641036	-35.227744
304	252.346209	-35.227744
305	259.051382	-35.227744
306	265.756555	-35.227744
307	272.461727	-35.227744
308	279.166900	-35.227744
309	285.872073	-35.227744
310	292.577246	-35.227744
311	299.282419	-35.227744
312	305.987592	-35.227744
313	312.692765	-35.227744
314	319.397937	-35.227744
315	326.103110	-35.227744
316	332.808283	-35.227744
317	339.513456	-35.227744
318	346.218629	-35.227744
319	352.923802	-35.227744
320	359.628975	-35.227744
321	3.652887	-29.750519
322	9.961643	-29.750519
323	16.270398	-29.750519
324	22.579153	-29.750519
325	28.887909	-29.750519
326	35.196664	-29.750519
327	41.505419	-29.750519
328	47.814175	-29.750519
329	54.122930	-29.750519
330	60.431685	-29.750519
331	66.740441	-29.750519
332	73.049196	-29.750519
333	79.357952	-29.750519
334	85.666707	-29.750519
335	91.975462	-29.750519
336	98.284218	-29.750519
337	104.592973	-29.750519
338	110.901728	-29.750519
339	117.210484	-29.750519
340	123.519239	-29.750519
341	129.827994	-29.750519
342	136.136750	-29.750519
343	142.445505	-29.750519
344	148.754260	-29.750519
345	155.063016	-29.750519
346	161.371771	-29.750519
347	167.680526	-29.750519
348	173.989282	-29.750519
349	180.298037	-29.750519
350	186.606792	-29.750519
351	192.915548	-29.750519
352	199.224303	-29.750519
353	205.533059	-29.750519
354	211.841814	-29.750519
355	218.150569	-29.750519
356	224.459325	-29.750519
357	230.768080	-29.750519
358	237.076835	-29.750519
359	243.385591	-29.750519
360	249.694346	-29.750519
361	256.003101	-29.750519
362	262.311857	-29.750519
363	268.620612	-29.750519
364	274.929367	-29.750519
365	281.238123	-29.750519
366	287.546878	-29.750519
367	293.855633	-29.750519
368	300.164389	-29.750519
369	306.473144	-29.750519
370	312.781899	-29.750519
371	319.090655	-29.750519
372	325.399410	-29.750519
373	331.708165	-29.750519
374	338.016921	-29.750519
375	344.325676	-29.750519
376	350.634432	-29.750519
377	356.943187	-29.750519
378	3.847095	-24.273293
379	9.855493	-24.273293
380	15.863891	-24.273293
381	21.872289	-24.273293
382	27.880687	-24.273293
383	33.889085	-24.273293
384	39.897484	-24.273293
385	45.905882	-24.273293
386	51.914280	-24.273293
387	57.922678	-24.273293
388	63.931076	-24.273293
389	69.939474	-24.273293
390	75.947872	-24.273293
391	81.956270	-24.273293
392	87.964668	-24.273293
393	93.973066	-24.273293
394	99.981464	-24.273293
395	105.989862	-24.273293
396	111.998260	-24.273293
397	118.006658	-24.273293
398	124.015056	-24.273293
399	130.023454	-24.273293
400	136.031852	-24.273293
401	142.040250	-24.273293
402	148.048648	-24.273293
403	154.057046	-24.273293
404	160.065444	-24.273293
405	166.073842	-24.273293
406	172.082240	-24.273293
407	178.090638	-24.273293
408	184.099036	-24.273293
409	190.107434	-24.273293
410	196.115833	-24.273293
411	202.124231	-24.273293
412	208.132629	-24.273293
413	214.141027	-24.273293
414	220.149425	-24.273293
415	226.157823	-24.273293
416	232.166221	-24.273293
417	238.174619	-24.273293
418	244.183017	-24.273293
419	250.191415	-24.273293
420	256.199813	-24.273293
421	262.208211	-24.273293
422	268.216609	-24.273293
423	274.225007	-24.273293
424	280.233405	-24.273293
425	286.241803	-24.273293
426	292.250201	-24.273293
427	298.258599	-24.273293
428	304.266997	-24.273293
429	310.275395	-24.273293
430	316.283793	-24.273293
431	322.292191	-24.273293
432	328.300589	-24.273293
433	334.308987	-24.273293
434	340.317385	-24.273293
435	346.325784	-24.273293
436	352.334182	-24.273293
437	358.342580	-24.273293
438	4.324818	-18.796068
439	10.110591	-18.796068
440	15.896364	-18.796068
441	21.682137	-18.796068
442	27.467910	-18.796068
443	33.253683	-18.796068
444	39.039456	-18.796068
445	44.825229	-18.796068
446	50.611001	-18.796068
447	56.396774	-18.796068
448	62.182547	-18.796068
449	67.968320	-18.796068
450	73.754093	-18.796068
451	79.539866	-18.796068
452	85.325639	-18.796068
453	91.111412	-18.796068
454	96.897184	-18.796068
455	102.682957	-18.796068
456	108.468730	-18.796068
457	114.254503	-18.796068
458	120.040276	-18.796068
459	125.826049	-18.796068
460	131.611822	-18.796068
461	137.397595	-18.796068
462	143.183367	-18.796068
463	148.969140	-18.796068
464	154.754913	-18.796068
465	160.540686	-18.796068
466	166.326459	-18.796068
467	172.112232	-18.796068
468	177.898005	-18.796068
469	183.683778	-18.796068
470	189.469550	-18.796068
471	195.255323	-18.796068
472	201.041096	-18.796068
473	206.826869	-18.796068
474	212.612642	-18.796068
475	218.398415	-18.796068
476	224.184188	-18.796068
477	229.969961	-18.796068
478	235.755734	-18.796068
479	241.541506	-18.796068
480	247.327279	-18.796068
481	253.113052	-18.796068
482	258.898825	-18.796068
483	264.684598	-18.796068
484	270.470371	-18.796068
485	276.256144	-18.796068
486	282.041917	-18.796068
487	287.827689	-18.796068
488	293.613462	-18.796068
489	299.399235	-18.796068
490	305.185008	-18.796068
491	310.970781	-18.796068
492	316.756554	-18.796068
493	322.542327	-18.796068
494	328.328100	-18.796068
495	334.113872	-18.796068
496	339.899645	-18.796068
497	345.685418	-18.796068
498	351.471191	-18.796068
499	357.256964	-18.796068
500	4.147753	-13.318842
501	9.776371	-13.318842
502	15.404988	-13.318842
503	21.033606	-13.318842
504	26.662223	-13.318842
505	32.290841	-13.318842
506	37.919459	-13.318842
507	43.548076	-13.318842
508	49.176694	-13.318842
509	54.805311	-13.318842
510	60.433929	-13.318842
511	66.062546	-13.318842
512	71.691164	-13.318842
513	77.319781	-13.318842
514	82.948399	-13.318842
515	88.577017	-13.318842
516	94.205634	-13.318842
517	99.834252	-13.318842
518	105.462869	-13.318842
519	111.091487	-13.318842
520	116.720104	-13.318842
521	122.348722	-13.318842
522	127.977340	-13.318842
523	133.605957	-13.318842
524	139.234575	-13.318842
525	144.863192	-13.318842
526	150.491810	-13.318842
527	156.120427	-13.318842
528	161.749045	-13.318842
529	167.377662	-13.318842
530	173.006280	-13.318842
531	178.634898	-13.318842
532	184.263515	-13.318842
533	189.892133	-13.318842
534	195.520750	-13.318842
535	201.149368	-13.318842
536	206.777985	-13.318842
537	212.406603	-13.318842
538	218.035220	-13.318842
539	223.663838	-13.318842
540	229.292456	-13.318842
541	234.921073	-13.318842
542	240.549691	-13.318842
543	246.178308	-13.318842
544	251.806926	-13.318842
545	257.435543	-13.318842
546	263.064161	-13.318842
547	268.692779	-13.318842
548	274.321396	-13.318842
549	279.950014	-13.318842
550	285.578631	-13.318842
551	291.207249	-13.318842
552	296.835866	-13.318842
553	302.464484	-13.318842
554	308.093101	-13.318842
555	313.721719	-13.318842
556	319.350337	-13.318842
557	324.978954	-13.318842
558	330.607572	-13.318842
559	336.236189	-13.318842
560	341.864807	-13.318842
561	347.493424	-13.318842
562	353.122042	-13.318842
563	358.750659	-13.318842
564	2.812663	-7.841616
565	8.341590	-7.841616
566	13.870516	-7.841616
567	19.399443	-7.841616
568	24.928369	-7.841616
569	30.457296	-7.841616
570	35.986222	-7.841616
571	41.515149	-7.841616
572	47.044075	-7.841616
573	52.573002	-7.841616
574	58.101929	-7.841616
575	63.630855	-7.841616
576	69.159782	-7.841616
577	74.688708	-7.841616
578	80.217635	-7.841616
579	85.746561	-7.841616
580	91.275488	-7.841616
581	96.804414	-7.841616
582	102.333341	-7.841616
583	107.862268	-7.841616
584	113.391194	-7.841616
585	118.920121	-7.841616
586	124.449047	-7.841616
587	129.977974	-7.841616
588	135.506900	-7.841616
589	141.035827	-7.841616
590	146.564753	-7.841616
591	152.093680	-7.841616
592	157.622606	-7.841616
593	163.151533	-7.841616
594	168.680460	-7.841616
595	174.209386	-7.841616
596	179.738313	-7.841616
597	185.267239	-7.841616
598	190.796166	-7.841616
599	196.325092	-7.841616
600	201.854019	-7.841616
601	207.382945	-7.841616
602	212.911872	-7.841616
603	218.440799	-7.841616
604	223.969725	-7.841616
605	229.498652	-7.841616
606	235.027578	-7.841616
607	240.556505	-7.841616
608	246.085431	-7.841616
609	251.614358	-7.841616
610	257.143284	-7.841616
611	262.672211	-7.841616
612	268.201137	-7.841616
613	273.730064	-7.841616
614	279.258991	-7.841616
615	284.787917	-7.841616
616	290.316844	-7.841616
617	295.845770	-7.841616
618	301.374697	-7.841616
619	306.903623	-7.841616
620	312.432550	-7.841616
621	317.961476	-7.841616
622	323.490403	-7.841616
623	329.019330	-7.841616
624	334.548256	-7.841616
625	340.077183	-7.841616
626	345.606109	-7.841616
627	351.135036	-7.841616
628	356.663962	-7.841616
629	3.213779	-2.364391
630	8.695672	-2.364391
631	14.177564	-2.364391
632	19.659457	-2.364391
633	25.141349	-2.364391
634	30.623242	-2.364391
635	36.105134	-2.364391
636	41.587027	-2.364391
637	47.068919	-2.364391
638	52.550812	-2.364391
639	58.032704	-2.364391
640	63.514597	-2.364391
641	68.996489	-2.364391
642	74.478382	-2.364391
643	79.960274	-2.364391
644	85.442167	-2.364391
645	90.924059	-2.364391
646	96.405952	-2.364391
647	101.887844	-2.364391
648	107.369737	-2.364391
649	112.851629	-2.364391
650	118.333522	-2.364391
651	123.815414	-2.364391
652	129.297307	-2.364391
653	134.779199	-2.364391
654	140.261092	-2.364391
655	145.742985	-2.364391
656	151.224877	-2.364391
657	156.706770	-2.364391
658	162.188662	-2.364391
659	167.670555	-2.364391
660	173.152447	-2.364391
661	178.634340	-2.364391
662	184.116232	-2.364391
663	189.598125	-2.364391
664	195.080017	-2.364391
665	200.561910	-2.364391
666	206.043802	-2.364391
667	211.525695	-2.364391
668	217.007587	-2.364391
669	222.489480	-2.364391
670	227.971372	-2.364391
671	233.453265	-2.364391
672	238.935157	-2.364391
673	244.417050	-2.364391
674	249.898942	-2.364391
675	255.380835	-2.364391
676	260.862727	-2.364391
677	266.344620	-2.364391
678	271.826512	-2.364391
679	277.308405	-2.364391
680	282.790297	-2.364391
681	288.272190	-2.364391
682	293.754082	-2.364391
683	299.235975	-2.364391
684	304.717867	-2.364391
685	310.199760	-2.364391
686	315.681652	-2.364391
687	321.163545	-2.364391
688	326.645437	-2.364391
689	332.127330	-2.364391
690	337.609223	-2.364391
691	343.091115	-2.364391
692	348.573008	-2.364391
693	354.054900	-2.364391
694	359.536793	-2.364391
695	2.712952	3.112835
696	8.198271	3.112835
697	13.683590	3.112835
698	19.168909	3.112835
699	24.654228	3.112835
700	30.139546	3.112835
701	35.624865	3.112835
702	41.110184	3.112835
703	46.595503	3.112835
704	52.080822	3.112835
705	57.566141	3.112835
706	63.051460	3.112835
707	68.536779	3.112835
708	74.022098	3.112835
709	79.507417	3.112835
710	84.992736	3.112835
711	90.478055	3.112835
712	95.963374	3.112835
713	101.448693	3.112835
714	106.934012	3.112835
715	112.419331	3.112835
716	117.904650	3.112835
717	123.389969	3.112835
718	128.875288	3.112835
719	134.360607	3.112835
720	139.845926	3.112835
721	145.331245	3.112835
722	150.816564	3.112835
723	156.301883	3.112835
724	161.787202	3.112835
725	167.272521	3.112835
726	172.757840	3.112835
727	178.243159	3.112835
728	183.728478	3.112835
729	189.213797	3.112835
730	194.699116	3.112835
731	200.184435	3.112835
732	205.669754	3.112835
733	211.155073	3.112835
734	216.640392	3.112835
735	222.125711	3.112835
736	227.611030	3.112835
737	233.096349	3.112835
738	238.581668	3.112835
739	244.066987	3.112835
740	249.552306	3.112835
741	255.037625	3.112835
742	260.522944	3.112835
743	266.008263	3.112835
744	271.493582	3.112835
745	276.978901	3.112835
746	282.464220	3.112835
747	287.949539	3.112835
748	293.434858	3.112835
749	298.920177	3.112835
750	304.405496	3.112835
751	309.890815	3.112835
752	315.376134	3.112835
753	320.861453	3.112835
754	326.346772	3.112835
755	331.832091	3.112835
756	337.317410	3.112835
757	342.802729	3.112835
758	348.288048	3.112835
759	353.773367	3.112835
760	359.258686	3.112835
761	5.258842	8.590060
762	10.798207	8.590060
763	16.337571	8.590060
764	21.876936	8.590060
765	27.416300	8.590060
766	32.955665	8.590060
767	38.495029	8.590060
768	44.034394	8.590060
769	49.573758	8.590060
770	55.113123	8.590060
771	60.652487	8.590060
772	66.191851	8.590060
773	71.731216	8.590060
774	77.270580	8.590060
775	82.809945	8.590060
776	88.349309	8.590060
777	93.888674	8.590060
778	99.428038	8.590060
779	104.967403	8.590060
780	110.506767	8.590060
781	116.046132	8.590060
782	121.585496	8.590060
783	127.124861	8.590060
784	132.664225	8.590060
785	138.203589	8.590060
786	143.742954	8.590060
787	149.282318	8.590060
788	154.821683	8.590060
789	160.361047	8.590060
790	165.900412	8.590060
791	171.439776	8.590060
792	176.979141	8.590060
793	182.518505	8.590060
794	188.057870	8.590060
795	193.597234	8.590060
796	199.136599	8.590060
797	204.675963	8.590060
798	210.215327	8.590060
799	215.754692	8.590060
800	221.294056	8.590060
801	226.833421	8.590060
802	232.372785	8.590060
803	237.912150	8.590060
804	243.451514	8.590060
805	248.990879	8.590060
806	254.530243	8.590060
807	260.069608	8.590060
808	265.608972	8.590060
809	271.148337	8.590060
810	276.687701	8.590060
811	282.227065	8.590060
812	287.766430	8.590060
813	293.305794	8.590060
814	298.845159	8.590060
815	304.384523	8.590060
816	309.923888	8.590060
817	315.463252	8.590060
818	321.002617	8.590060
819	326.541981	8.590060
820	332.081346	8.590060
821	337.620710	8.590060
822	343.160075	8.590060
823	348.699439	8.590060
824	354.238804	8.590060
825	359.778168	8.590060
826	4.114581	14.067286
827	9.761142	14.067286
828	15.407702	14.067286
829	21.054263	14.067286
830	26.700824	14.067286
831	32.347384	14.067286
832	37.993945	14.067286
833	43.640505	14.067286
834	49.287066	14.067286
835	54.933626	14.067286
836	60.580187	14.067286
837	66.226747	14.067286
838	71.873308	14.067286
839	77.519868	14.067286
840	83.166429	14.067286
841	88.812990	14.067286
842	94.459550	14.067286
843	100.106111	14.067286
844	105.752671	14.067286
845	111.399232	14.067286
846	117.045792	14.067286
847	122.692353	14.067286
848	128.338913	14.067286
849	133.985474	14.067286
850	139.632034	14.067286
851	145.278595	14.067286
852	150.925155	14.067286
853	156.571716	14.067286
854	162.218277	14.067286
855	167.864837	14.067286
856	173.511398	14.067286
857	179.157958	14.067286
858	184.804519	14.067286
859	190.451079	14.067286
860	196.097640	14.067286
861	201.744200	14.067286
862	207.390761	14.067286
863	213.037321	14.067286
864	218.683882	14.067286
865	224.330442	14.067286
866	229.977003	14.067286
867	235.623564	14.067286
868	241.270124	14.067286
869	246.916685	14.067286
870	252.563245	14.067286
871	258.209806	14.067286
872	263.856366	14.067286
873	269.502927	14.067286
874	275.149487	14.067286
875	280.796048	14.067286
876	286.442608	14.067286
877	292.089169	14.067286
878	297.735730	14.067286
879	303.382290	14.067286
880	309.028851	14.067286
881	314.675411	14.067286
882	320.321972	14.067286
883	325.968532	14.067286
884	331.615093	14.067286
885	337.261653	14.067286
886	342.908214	14.067286
887	348.554774	14.067286
888	354.201335	14.067286
889	359.847895	14.067286
890	4.127947	19.544512
891	9.940055	19.544512
892	15.752164	19.544512
893	21.564272	19.544512
894	27.376380	19.544512
895	33.188489	19.544512
896	39.000597	19.544512
897	44.812705	19.544512
898	50.624814	19.544512
899	56.436922	19.544512
900	62.249030	19.544512
901	68.061139	19.544512
902	73.873247	19.544512
903	79.685355	19.544512
904	85.497464	19.544512
905	91.309572	19.544512
906	97.121680	19.544512
907	102.933789	19.544512
908	108.745897	19.544512
909	114.558005	19.544512
910	120.370114	19.544512
911	126.182222	19.544512
912	131.994330	19.544512
913	137.806439	19.544512
914	143.618547	19.544512
915	149.430655	19.544512
916	155.242764	19.544512
917	161.054872	19.544512
918	166.866980	19.544512
919	172.679088	19.544512
920	178.491197	19.544512
921	184.303305	19.544512
922	190.115413	19.544512
923	195.927522	19.544512
924	201.739630	19.544512
925	207.551738	19.544512
926	213.363847	19.544512
927	219.175955	19.544512
928	224.988063	19.544512
929	230.800172	19.544512
930	236.612280	19.544512
931	242.424388	19.544512
932	248.236497	19.544512
933	254.048605	19.544512
934	259.860713	19.544512
935	265.672822	19.544512
936	271.484930	19.544512
937	277.297038	19.544512
938	283.109147	19.544512
939	288.921255	19.544512
940	294.733363	19.544512
941	300.545472	19.544512
942	306.357580	19.544512
943	312.169688	19.544512
944	317.981797	19.544512
945	323.793905	19.544512
946	329.606013	19.544512
947	335.418121	19.544512
948	341.230230	19.544512
949	347.042338	19.544512
950	352.854446	19.544512
951	358.666555	19.544512
952	2.386091	25.021737
953	8.430610	25.021737
954	14.475130	25.021737
955	20.519649	25.021737
956	26.564169	25.021737
957	32.608688	25.021737
958	38.653208	25.021737
959	44.697727	25.021737
960	50.742247	25.021737
961	56.786766	25.021737
962	62.831286	25.021737
963	68.875805	25.021737
964	74.920325	25.021737
965	80.964844	25.021737
966	87.009364	25.021737
967	93.053883	25.021737
968	99.098403	25.021737
969	105.142922	25.021737
970	111.187442	25.021737
971	117.231961	25.021737
972	123.276481	25.021737
973	129.321001	25.021737
974	135.365520	25.021737
975	141.410040	25.021737
976	147.454559	25.021737
977	153.499079	25.021737
978	159.543598	25.021737
979	165.588118	25.021737
980	171.632637	25.021737
981	177.677157	25.021737
982	183.721676	25.021737
983	189.766196	25.021737
984	195.810715	25.021737
985	201.855235	25.021737
986	207.899754	25.021737
987	213.944274	25.021737
988	219.988793	25.021737
989	226.033313	25.021737
990	232.077832	25.021737
991	238.122352	25.021737
992	244.166872	25.021737
993	250.211391	25.021737
994	256.255911	25.021737
995	262.300430	25.021737
996	268.344950	25.021737
997	274.389469	25.021737
998	280.433989	25.021737
999	286.478508	25.021737
1000	292.523028	25.021737
1001	298.567547	25.021737
1002	304.612067	25.021737
1003	310.656586	25.021737
1004	316.701106	25.021737
1005	322.745625	25.021737
1006	328.790145	25.021737
1007	334.834664	25.021737
1008	340.879184	25.021737
1009	346.923703	25.021737
1010	352.968223	25.021737
1011	359.012742	25.021737
1012	1.982408	30.498963
1013	8.339165	30.498963
1014	14.695922	30.498963
1015	21.052679	30.498963
1016	27.409436	30.498963
1017	33.766193	30.498963
1018	40.122950	30.498963
1019	46.479706	30.498963
1020	52.836463	30.498963
1021	59.193220	30.498963
1022	65.549977	30.498963
1023	71.906734	30.498963
1024	78.263491	30.498963
1025	84.620248	30.498963
1026	90.977005	30.498963
1027	97.333762	30.498963
1028	103.690519	30.498963
1029	110.047276	30.498963
1030	116.404033	30.498963
1031	122.760790	30.498963
1032	129.117547	30.498963
1033	135.474304	30.498963
1034	141.831061	30.498963
1035	148.187818	30.498963
1036	154.544575	30.498963
1037	160.901332	30.498963
1038	167.258089	30.498963
1039	173.614846	30.498963
1040	179.971603	30.498963
1041	186.328360	30.498963
1042	192.685117	30.498963
1043	199.041874	30.498963
1044	205.398631	30.498963
1045	211.755387	30.498963
1046	218.112144	30.498963
1047	224.468901	30.498963
1048	230.825658	30.498963
1049	237.182415	30.498963
1050	243.539172	30.498963
1051	249.895929	30.498963
1052	256.252686	30.498963
1053	262.609443	30.498963
1054	268.966200	30.498963
1055	275.322957	30.498963
1056	281.679714	30.498963
1057	288.036471	30.498963
1058	294.393228	30.498963
1059	300.749985	30.498963
1060	307.106742	30.498963
1061	313.463499	30.498963
1062	319.820256	30.498963
1063	326.177013	30.498963
1064	332.533770	30.498963
1065	338.890527	30.498963
1066	345.247284	30.498963
1067	351.604041	30.498963
1068	357.960798	30.498963
1069	4.535179	35.976188
1070	11.303359	35.976188
1071	18.071539	35.976188
1072	24.839719	35.976188
1073	31.607900	35.976188
1074	38.376080	35.976188
1075	45.144260	35.976188
1076	51.912440	35.976188
1077	58.680620	35.976188
1078	65.448800	35.976188
1079	72.216980	35.976188
1080	78.985160	35.976188
1081	85.753340	35.976188
1082	92.521520	35.976188
1083	99.289700	35.976188
1084	106.057881	35.976188
1085	112.826061	35.976188
1086	119.594241	35.976188
1087	126.362421	35.976188
1088	133.130601	35.976188
1089	139.898781	35.976188
1090	146.666961	35.976188
1091	153.435141	35.976188
1092	160.203321	35.976188
1093	166.971501	35.976188
1094	173.739681	35.976188
1095	180.507862	35.976188
1096	187.276042	35.976188
1097	194.044222	35.976188
1098	200.812402	35.976188
1099	207.580582	35.976188
1100	214.348762	35.976188
1101	221.116942	35.976188
1102	227.885122	35.976188
1103	234.653302	35.976188
1104	241.421482	35.976188
1105	248.189663	35.976188
1106	254.957843	35.976188
1107	261.726023	35.976188
1108	268.494203	35.976188
1109	275.262383	35.976188
1110	282.030563	35.976188
1111	288.798743	35.976188
1112	295.566923	35.976188
1113	302.335103	35.976188
1114	309.103283	35.976188
1115	315.871463	35.976188
1116	322.639644	35.976188
1117	329.407824	35.976188
1118	336.176004	35.976188
1119	342.944184	35.976188
1120	349.712364	35.976188
1121	356.480544	35.976188
1122	4.991481	41.453414
1123	12.299376	41.453414
1124	19.607272	41.453414
1125	26.915167	41.453414
1126	34.223063	41.453414
1127	41.530958	41.453414
1128	48.838854	41.453414
1129	56.146749	41.453414
1130	63.454645	41.453414
1131	70.762540	41.453414
1132	78.070436	41.453414
1133	85.378331	41.453414
1134	92.686227	41.453414
1135	99.994122	41.453414
1136	107.302018	41.453414
1137	114.609913	41.453414
1138	121.917809	41.453414
1139	129.225704	41.453414
1140	136.533600	41.453414
1141	143.841495	41.453414
1142	151.149391	41.453414
1143	158.457286	41.453414
1144	165.765182	41.453414
1145	173.073077	41.453414
1146	180.380973	41.453414
1147	187.688868	41.453414
1148	194.996764	41.453414
1149	202.304659	41.453414
1150	209.612555	41.453414
1151	216.920450	41.453414
1152	224.228346	41.453414
1153	231.536241	41.453414
1154	238.844137	41.453414
1155	246.152032	41.453414
1156	253.459928	41.453414
1157	260.767823	41.453414
1158	268.075719	41.453414
1159	275.383614	41.453414
1160	282.691510	41.453414
1161	289.999405	41.453414
1162	297.307301	41.453414
1163	304.615196	41.453414
1164	311.923092	41.453414
1165	319.230987	41.453414
1166	326.538883	41.453414
1167	333.846778	41.453414
1168	341.154674	41.453414
1169	348.462569	41.453414
1170	355.770465	41.453414
1171	5.723854	46.930639
1172	13.744589	46.930639
1173	21.765325	46.930639
1174	29.786060	46.930639
1175	37.806796	46.930639
1176	45.827531	46.930639
1177	53.848266	46.930639
1178	61.869002	46.930639
1179	69.889737	46.930639
1180	77.910473	46.930639
1181	85.931208	46.930639
1182	93.951943	46.930639
1183	101.972679	46.930639
1184	109.993414	46.930639
1185	118.014150	46.930639
1186	126.034885	46.930639
1187	134.055620	46.930639
1188	142.076356	46.930639
1189	150.097091	46.930639
1190	158.117826	46.930639
1191	166.138562	46.930639
1192	174.159297	46.930639
1193	182.180033	46.930639
1194	190.200768	46.930639
1195	198.221503	46.930639
1196	206.242239	46.930639
1197	214.262974	46.930639
1198	222.283710	46.930639
1199	230.304445	46.930639
1200	238.325180	46.930639
1201	246.345916	46.930639
1202	254.366651	46.930639
1203	262.387386	46.930639
1204	270.408122	46.930639
1205	278.428857	46.930639
1206	286.449593	46.930639
1207	294.470328	46.930639
1208	302.491063	46.930639
1209	310.511799	46.930639
1210	318.532534	46.930639
1211	326.553270	46.930639
1212	334.574005	46.930639
1213	342.594740	46.930639
1214	350.615476	46.930639
1215	358.636211	46.930639
1216	8.088018	52.407865
1217	17.066541	52.407865
1218	26.045063	52.407865
1219	35.023586	52.407865
1220	44.002108	52.407865
1221	52.980631	52.407865
1222	61.959153	52.407865
1223	70.937676	52.407865
1224	79.916199	52.407865
1225	88.894721	52.407865
1226	97.873244	52.407865
1227	106.851766	52.407865
1228	115.830289	52.407865
1229	124.808811	52.407865
1230	133.787334	52.407865
1231	142.765856	52.407865
1232	151.744379	52.407865
1233	160.722901	52.407865
1234	169.701424	52.407865
1235	178.679946	52.407865
1236	187.658469	52.407865
1237	196.636992	52.407865
1238	205.615514	52.407865
1239	214.594037	52.407865
1240	223.572559	52.407865
1241	232.551082	52.407865
1242	241.529604	52.407865
1243	250.508127	52.407865
1244	259.486649	52.407865
1245	268.465172	52.407865
1246	277.443694	52.407865
1247	286.422217	52.407865
1248	295.400739	52.407865
1249	304.379262	52.407865
1250	313.357784	52.407865
1251	322.336307	52.407865
1252	331.314830	52.407865
1253	340.293352	52.407865
1254	349.271875	52.407865
1255	358.250397	52.407865
1256	5.933863	57.885091
1257	16.236778	57.885091
1258	26.539694	57.885091
1259	36.842609	57.885091
1260	47.145524	57.885091
1261	57.448440	57.885091
1262	67.751355	57.885091
1263	78.054271	57.885091
1264	88.357186	57.885091
1265	98.660102	57.885091
1266	108.963017	57.885091
1267	119.265932	57.885091
1268	129.568848	57.885091
1269	139.871763	57.885091
1270	150.174679	57.885091
1271	160.477594	57.885091
1272	170.780509	57.885091
1273	181.083425	57.885091
1274	191.386340	57.885091
1275	201.689256	57.885091
1276	211.992171	57.885091
1277	222.295086	57.885091
1278	232.598002	57.885091
1279	242.900917	57.885091
1280	253.203833	57.885091
1281	263.506748	57.885091
1282	273.809663	57.885091
1283	284.112579	57.885091
1284	294.415494	57.885091
1285	304.718410	57.885091
1286	315.021325	57.885091
1287	325.324240	57.885091
1288	335.627156	57.885091
1289	345.930071	57.885091
1290	356.232987	57.885091
1291	7.396639	63.362316
1292	19.613124	63.362316
1293	31.829610	63.362316
1294	44.046095	63.362316
1295	56.262580	63.362316
1296	68.479066	63.362316
1297	80.695551	63.362316
1298	92.912036	63.362316
1299	105.128522	63.362316
1300	117.345007	63.362316
1301	129.561492	63.362316
1302	141.777978	63.362316
1303	153.994463	63.362316
1304	166.210948	63.362316
1305	178.427434	63.362316
1306	190.643919	63.362316
1307	202.860404	63.362316
1308	215.076890	63.362316
1309	227.293375	63.362316
1310	239.509860	63.362316
1311	251.726346	63.362316
1312	263.942831	63.362316
1313	276.159316	63.362316
1314	288.375802	63.362316
1315	300.592287	63.362316
1316	312.808773	63.362316
1317	325.025258	63.362316
1318	337.241743	63.362316
1319	349.458229	63.362316
1320	9.031974	68.839542
1321	24.205140	68.839542
1322	39.378307	68.839542
1323	54.551473	68.839542
1324	69.724639	68.839542
1325	84.897805	68.839542
1326	100.070971	68.839542
1327	115.244138	68.839542
1328	130.417304	68.839542
1329	145.590470	68.839542
1330	160.763636	68.839542
1331	175.936802	68.839542
1332	191.109969	68.839542
1333	206.283135	68.839542
1334	221.456301	68.839542
1335	236.629467	68.839542
1336	251.802633	68.839542
1337	266.975800	68.839542
1338	282.148966	68.839542
1339	297.322132	68.839542
1340	312.495298	68.839542
1341	327.668464	68.839542
1342	342.841631	68.839542
1343	358.014797	68.839542
1344	12.991813	74.316767
1345	33.253916	74.316767
1346	53.516019	74.316767
1347	73.778122	74.316767
1348	94.040226	74.316767
1349	114.302329	74.316767
1350	134.564432	74.316767
1351	154.826535	74.316767
1352	175.088638	74.316767
1353	195.350742	74.316767
1354	215.612845	74.316767
1355	235.874948	74.316767
1356	256.137051	74.316767
1357	276.399154	74.316767
1358	296.661258	74.316767
1359	316.923361	74.316767
1360	337.185464	74.316767
1361	357.447567	74.316767
1362	4.320901	79.793993
1363	35.232858	79.793993
1364	66.144815	79.793993
1365	97.056772	79.793993
1366	127.968729	79.793993
1367	158.880686	79.793993
1368	189.792642	79.793993
1369	220.704599	79.793993
1370	251.616556	79.793993
1371	282.528513	79.793993
1372	313.440470	79.793993
1373	344.352427	79.793993
1374	40.222611	85.271218
1375	106.662234	85.271218
1376	173.101857	85.271218
1377	239.541480	85.271218
1378	305.981104	85.271218
