ID	ra_center	dec_center
0	0.000000	-90.000000
1	45.887536	-83.144345
2	103.320261	-83.144345
3	160.752987	-83.144345
4	218.185713	-83.144345
5	275.618438	-83.144345
6	333.051164	-83.144345
7	15.106742	-76.288691
8	44.029905	-76.288691
9	72.953067	-76.288691
10	101.876230	-76.288691
11	130.799393	-76.288691
12	159.722555	-76.288691
13	188.645718	-76.288691
14	217.568881	-76.288691
15	246.492043	-76.288691
16	275.415206	-76.288691
17	304.338369	-76.288691
18	333.261531	-76.288691
19	17.293309	-69.433036
20	36.808305	-69.433036
21	56.323301	-69.433036
22	75.838297	-69.433036
23	95.353293	-69.433036
24	114.868290	-69.433036
25	134.383286	-69.433036
26	153.898282	-69.433036
27	173.413278	-69.433036
28	192.928274	-69.433036
29	212.443271	-69.433036
30	231.958267	-69.433036
31	251.473263	-69.433036
32	270.988259	-69.433036
33	290.503255	-69.433036
34	310.018252	-69.433036
35	329.533248	-69.433036
36	349.048244	-69.433036
37	3.436463	-62.577382
38	18.322254	-62.577382
39	33.208045	-62.577382
40	48.093837	-62.577382
41	62.979628	-62.577382
42	77.865419	-62.577382
43	92.751211	-62.577382
44	107.637002	-62.577382
45	122.522794	-62.577382
46	137.408585	-62.577382
47	152.294376	-62.577382
48	167.180168	-62.577382
49	182.065959	-62.577382
50	196.951750	-62.577382
51	211.837542	-62.577382
52	226.723333	-62.577382
53	241.609124	-62.577382
54	256.494916	-62.577382
55	271.380707	-62.577382
56	286.266498	-62.577382
57	301.152290	-62.577382
58	316.038081	-62.577382
59	330.923873	-62.577382
60	345.809664	-62.577382
61	4.068938	-55.721727
62	16.241344	-55.721727
63	28.413751	-55.721727
64	40.586158	-55.721727
65	52.758564	-55.721727
66	64.930971	-55.721727
67	77.103378	-55.721727
68	89.275784	-55.721727
69	101.448191	-55.721727
70	113.620598	-55.721727
71	125.793005	-55.721727
72	137.965411	-55.721727
73	150.137818	-55.721727
74	162.310225	-55.721727
75	174.482631	-55.721727
76	186.655038	-55.721727
77	198.827445	-55.721727
78	210.999851	-55.721727
79	223.172258	-55.721727
80	235.344665	-55.721727
81	247.517072	-55.721727
82	259.689478	-55.721727
83	271.861885	-55.721727
84	284.034292	-55.721727
85	296.206698	-55.721727
86	308.379105	-55.721727
87	320.551512	-55.721727
88	332.723919	-55.721727
89	344.896325	-55.721727
90	357.068732	-55.721727
91	5.061151	-48.866072
92	15.482909	-48.866072
93	25.904666	-48.866072
94	36.326424	-48.866072
95	46.748181	-48.866072
96	57.169939	-48.866072
97	67.591696	-48.866072
98	78.013454	-48.866072
99	88.435211	-48.866072
100	98.856969	-48.866072
101	109.278726	-48.866072
102	119.700484	-48.866072
103	130.122241	-48.866072
104	140.543999	-48.866072
105	150.965756	-48.866072
106	161.387514	-48.866072
107	171.809271	-48.866072
108	182.231029	-48.866072
109	192.652786	-48.866072
110	203.074544	-48.866072
111	213.496301	-48.866072
112	223.918059	-48.866072
113	234.339816	-48.866072
114	244.761574	-48.866072
115	255.183331	-48.866072
116	265.605089	-48.866072
117	276.026846	-48.866072
118	286.448604	-48.866072
119	296.870361	-48.866072
120	307.292118	-48.866072
121	317.713876	-48.866072
122	328.135633	-48.866072
123	338.557391	-48.866072
124	348.979148	-48.866072
125	359.400906	-48.866072
126	9.048387	-42.010418
127	18.275091	-42.010418
128	27.501795	-42.010418
129	36.728499	-42.010418
130	45.955203	-42.010418
131	55.181906	-42.010418
132	64.408610	-42.010418
133	73.635314	-42.010418
134	82.862018	-42.010418
135	92.088722	-42.010418
136	101.315426	-42.010418
137	110.542130	-42.010418
138	119.768834	-42.010418
139	128.995538	-42.010418
140	138.222242	-42.010418
141	147.448946	-42.010418
142	156.675650	-42.010418
143	165.902354	-42.010418
144	175.129057	-42.010418
145	184.355761	-42.010418
146	193.582465	-42.010418
147	202.809169	-42.010418
148	212.035873	-42.010418
149	221.262577	-42.010418
150	230.489281	-42.010418
151	239.715985	-42.010418
152	248.942689	-42.010418
153	258.169393	-42.010418
154	267.396097	-42.010418
155	276.622801	-42.010418
156	285.849505	-42.010418
157	295.076208	-42.010418
158	304.302912	-42.010418
159	313.529616	-42.010418
160	322.756320	-42.010418
161	331.983024	-42.010418
162	341.209728	-42.010418
163	350.436432	-42.010418
164	359.663136	-42.010418
165	7.696489	-35.154763
166	16.081588	-35.154763
167	24.466686	-35.154763
168	32.851785	-35.154763
169	41.236884	-35.154763
170	49.621982	-35.154763
171	58.007081	-35.154763
172	66.392180	-35.154763
173	74.777278	-35.154763
174	83.162377	-35.154763
175	91.547476	-35.154763
176	99.932574	-35.154763
177	108.317673	-35.154763
178	116.702772	-35.154763
179	125.087870	-35.154763
180	133.472969	-35.154763
181	141.858068	-35.154763
182	150.243166	-35.154763
183	158.628265	-35.154763
184	167.013364	-35.154763
185	175.398462	-35.154763
186	183.783561	-35.154763
187	192.168659	-35.154763
188	200.553758	-35.154763
189	208.938857	-35.154763
190	217.323955	-35.154763
191	225.709054	-35.154763
192	234.094153	-35.154763
193	242.479251	-35.154763
194	250.864350	-35.154763
195	259.249449	-35.154763
196	267.634547	-35.154763
197	276.019646	-35.154763
198	284.404745	-35.154763
199	292.789843	-35.154763
200	301.174942	-35.154763
201	309.560041	-35.154763
202	317.945139	-35.154763
203	326.330238	-35.154763
204	334.715336	-35.154763
205	343.100435	-35.154763
206	351.485534	-35.154763
207	359.870632	-35.154763
208	3.100811	-28.299109
209	10.887038	-28.299109
210	18.673266	-28.299109
211	26.459494	-28.299109
212	34.245722	-28.299109
213	42.031949	-28.299109
214	49.818177	-28.299109
215	57.604405	-28.299109
216	65.390632	-28.299109
217	73.176860	-28.299109
218	80.963088	-28.299109
219	88.749316	-28.299109
220	96.535543	-28.299109
221	104.321771	-28.299109
222	112.107999	-28.299109
223	119.894226	-28.299109
224	127.680454	-28.299109
225	135.466682	-28.299109
226	143.252910	-28.299109
227	151.039137	-28.299109
228	158.825365	-28.299109
229	166.611593	-28.299109
230	174.397820	-28.299109
231	182.184048	-28.299109
232	189.970276	-28.299109
233	197.756504	-28.299109
234	205.542731	-28.299109
235	213.328959	-28.299109
236	221.115187	-28.299109
237	228.901414	-28.299109
238	236.687642	-28.299109
239	244.473870	-28.299109
240	252.260098	-28.299109
241	260.046325	-28.299109
242	267.832553	-28.299109
243	275.618781	-28.299109
244	283.405008	-28.299109
245	291.191236	-28.299109
246	298.977464	-28.299109
247	306.763692	-28.299109
248	314.549919	-28.299109
249	322.336147	-28.299109
250	330.122375	-28.299109
251	337.908602	-28.299109
252	345.694830	-28.299109
253	353.481058	-28.299109
254	5.518711	-21.443454
255	12.884215	-21.443454
256	20.249718	-21.443454
257	27.615222	-21.443454
258	34.980725	-21.443454
259	42.346228	-21.443454
260	49.711732	-21.443454
261	57.077235	-21.443454
262	64.442739	-21.443454
263	71.808242	-21.443454
264	79.173746	-21.443454
265	86.539249	-21.443454
266	93.904753	-21.443454
267	101.270256	-21.443454
268	108.635759	-21.443454
269	116.001263	-21.443454
270	123.366766	-21.443454
271	130.732270	-21.443454
272	138.097773	-21.443454
273	145.463277	-21.443454
274	152.828780	-21.443454
275	160.194284	-21.443454
276	167.559787	-21.443454
277	174.925290	-21.443454
278	182.290794	-21.443454
279	189.656297	-21.443454
280	197.021801	-21.443454
281	204.387304	-21.443454
282	211.752808	-21.443454
283	219.118311	-21.443454
284	226.483814	-21.443454
285	233.849318	-21.443454
286	241.214821	-21.443454
287	248.580325	-21.443454
288	255.945828	-21.443454
289	263.311332	-21.443454
290	270.676835	-21.443454
291	278.042339	-21.443454
292	285.407842	-21.443454
293	292.773345	-21.443454
294	300.138849	-21.443454
295	307.504352	-21.443454
296	314.869856	-21.443454
297	322.235359	-21.443454
298	329.600863	-21.443454
299	336.966366	-21.443454
300	344.331870	-21.443454
301	351.697373	-21.443454
302	359.062876	-21.443454
303	4.385534	-14.587799
304	11.469557	-14.587799
305	18.553581	-14.587799
306	25.637604	-14.587799
307	32.721628	-14.587799
308	39.805651	-14.587799
309	46.889675	-14.587799
310	53.973698	-14.587799
311	61.057722	-14.587799
312	68.141745	-14.587799
313	75.225769	-14.587799
314	82.309792	-14.587799
315	89.393816	-14.587799
316	96.477839	-14.587799
317	103.561863	-14.587799
318	110.645886	-14.587799
319	117.729910	-14.587799
320	124.813933	-14.587799
321	131.897957	-14.587799
322	138.981980	-14.587799
323	146.066004	-14.587799
324	153.150027	-14.587799
325	160.234051	-14.587799
326	167.318074	-14.587799
327	174.402098	-14.587799
328	181.486121	-14.587799
329	188.570145	-14.587799
330	195.654168	-14.587799
331	202.738192	-14.587799
332	209.822215	-14.587799
333	216.906239	-14.587799
334	223.990262	-14.587799
335	231.074286	-14.587799
336	238.158309	-14.587799
337	245.242333	-14.587799
338	252.326356	-14.587799
339	259.410380	-14.587799
340	266.494403	-14.587799
341	273.578427	-14.587799
342	280.662450	-14.587799
343	287.746474	-14.587799
344	294.830497	-14.587799
345	301.914521	-14.587799
346	308.998545	-14.587799
347	316.082568	-14.587799
348	323.166592	-14.587799
349	330.250615	-14.587799
350	337.334639	-14.587799
351	344.418662	-14.587799
352	351.502686	-14.587799
353	358.586709	-14.587799
354	1.625099	-7.732145
355	8.543658	-7.732145
356	15.462217	-7.732145
357	22.380776	-7.732145
358	29.299335	-7.732145
359	36.217894	-7.732145
360	43.136453	-7.732145
361	50.055012	-7.732145
362	56.973571	-7.732145
363	63.892130	-7.732145
364	70.810689	-7.732145
365	77.729248	-7.732145
366	84.647807	-7.732145
367	91.566366	-7.732145
368	98.484925	-7.732145
369	105.403484	-7.732145
370	112.322043	-7.732145
371	119.240602	-7.732145
372	126.159161	-7.732145
373	133.077720	-7.732145
374	139.996279	-7.732145
375	146.914838	-7.732145
376	153.833397	-7.732145
377	160.751956	-7.732145
378	167.670515	-7.732145
379	174.589074	-7.732145
380	181.507633	-7.732145
381	188.426192	-7.732145
382	195.344751	-7.732145
383	202.263310	-7.732145
384	209.181869	-7.732145
385	216.100428	-7.732145
386	223.018987	-7.732145
387	229.937546	-7.732145
388	236.856105	-7.732145
389	243.774664	-7.732145
390	250.693223	-7.732145
391	257.611782	-7.732145
392	264.530341	-7.732145
393	271.448900	-7.732145
394	278.367459	-7.732145
395	285.286018	-7.732145
396	292.204577	-7.732145
397	299.123136	-7.732145
398	306.041696	-7.732145
399	312.960255	-7.732145
400	319.878814	-7.732145
401	326.797373	-7.732145
402	333.715932	-7.732145
403	340.634491	-7.732145
404	347.553050	-7.732145
405	354.471609	-7.732145
406	1.713865	-0.876490
407	8.570322	-0.876490
408	15.426779	-0.876490
409	22.283236	-0.876490
410	29.139692	-0.876490
411	35.996149	-0.876490
412	42.852606	-0.876490
413	49.709063	-0.876490
414	56.565520	-0.876490
415	63.421977	-0.876490
416	70.278434	-0.876490
417	77.134890	-0.876490
418	83.991347	-0.876490
419	90.847804	-0.876490
420	97.704261	-0.876490
421	104.560718	-0.876490
422	111.417175	-0.876490
423	118.273632	-0.876490
424	125.130088	-0.876490
425	131.986545	-0.876490
426	138.843002	-0.876490
427	145.699459	-0.876490
428	152.555916	-0.876490
429	159.412373	-0.876490
430	166.268829	-0.876490
431	173.125286	-0.876490
432	179.981743	-0.876490
433	186.838200	-0.876490
434	193.694657	-0.876490
435	200.551114	-0.876490
436	207.407571	-0.876490
437	214.264027	-0.876490
438	221.120484	-0.876490
439	227.976941	-0.876490
440	234.833398	-0.876490
441	241.689855	-0.876490
442	248.546312	-0.876490
443	255.402769	-0.876490
444	262.259225	-0.876490
445	269.115682	-0.876490
446	275.972139	-0.876490
447	282.828596	-0.876490
448	289.685053	-0.876490
449	296.541510	-0.876490
450	303.397966	-0.876490
451	310.254423	-0.876490
452	317.110880	-0.876490
453	323.967337	-0.876490
454	330.823794	-0.876490
455	337.680251	-0.876490
456	344.536708	-0.876490
457	351.393164	-0.876490
458	358.249621	-0.876490
459	4.408267	5.979164
460	11.301422	5.979164
461	18.194576	5.979164
462	25.087731	5.979164
463	31.980885	5.979164
464	38.874040	5.979164
465	45.767194	5.979164
466	52.660348	5.979164
467	59.553503	5.979164
468	66.446657	5.979164
469	73.339812	5.979164
470	80.232966	5.979164
471	87.126121	5.979164
472	94.019275	5.979164
473	100.912430	5.979164
474	107.805584	5.979164
475	114.698739	5.979164
476	121.591893	5.979164
477	128.485047	5.979164
478	135.378202	5.979164
479	142.271356	5.979164
480	149.164511	5.979164
481	156.057665	5.979164
482	162.950820	5.979164
483	169.843974	5.979164
484	176.737129	5.979164
485	183.630283	5.979164
486	190.523438	5.979164
487	197.416592	5.979164
488	204.309746	5.979164
489	211.202901	5.979164
490	218.096055	5.979164
491	224.989210	5.979164
492	231.882364	5.979164
493	238.775519	5.979164
494	245.668673	5.979164
495	252.561828	5.979164
496	259.454982	5.979164
497	266.348137	5.979164
498	273.241291	5.979164
499	280.134445	5.979164
500	287.027600	5.979164
501	293.920754	5.979164
502	300.813909	5.979164
503	307.707063	5.979164
504	314.600218	5.979164
505	321.493372	5.979164
506	328.386527	5.979164
507	335.279681	5.979164
508	342.172836	5.979164
509	349.065990	5.979164
510	355.959144	5.979164
511	5.743132	12.834819
512	12.774468	12.834819
513	19.805804	12.834819
514	26.837140	12.834819
515	33.868475	12.834819
516	40.899811	12.834819
517	47.931147	12.834819
518	54.962483	12.834819
519	61.993819	12.834819
520	69.025154	12.834819
521	76.056490	12.834819
522	83.087826	12.834819
523	90.119162	12.834819
524	97.150497	12.834819
525	104.181833	12.834819
526	111.213169	12.834819
527	118.244505	12.834819
528	125.275841	12.834819
529	132.307176	12.834819
530	139.338512	12.834819
531	146.369848	12.834819
532	153.401184	12.834819
533	160.432519	12.834819
534	167.463855	12.834819
535	174.495191	12.834819
536	181.526527	12.834819
537	188.557862	12.834819
538	195.589198	12.834819
539	202.620534	12.834819
540	209.651870	12.834819
541	216.683206	12.834819
542	223.714541	12.834819
543	230.745877	12.834819
544	237.777213	12.834819
545	244.808549	12.834819
546	251.839884	12.834819
547	258.871220	12.834819
548	265.902556	12.834819
549	272.933892	12.834819
550	279.965228	12.834819
551	286.996563	12.834819
552	294.027899	12.834819
553	301.059235	12.834819
554	308.090571	12.834819
555	315.121906	12.834819
556	322.153242	12.834819
557	329.184578	12.834819
558	336.215914	12.834819
559	343.247250	12.834819
560	350.278585	12.834819
561	357.309921	12.834819
562	5.922868	19.690474
563	13.204293	19.690474
564	20.485717	19.690474
565	27.767141	19.690474
566	35.048566	19.690474
567	42.329990	19.690474
568	49.611415	19.690474
569	56.892839	19.690474
570	64.174263	19.690474
571	71.455688	19.690474
572	78.737112	19.690474
573	86.018537	19.690474
574	93.299961	19.690474
575	100.581385	19.690474
576	107.862810	19.690474
577	115.144234	19.690474
578	122.425659	19.690474
579	129.707083	19.690474
580	136.988507	19.690474
581	144.269932	19.690474
582	151.551356	19.690474
583	158.832780	19.690474
584	166.114205	19.690474
585	173.395629	19.690474
586	180.677054	19.690474
587	187.958478	19.690474
588	195.239902	19.690474
589	202.521327	19.690474
590	209.802751	19.690474
591	217.084176	19.690474
592	224.365600	19.690474
593	231.647024	19.690474
594	238.928449	19.690474
595	246.209873	19.690474
596	253.491298	19.690474
597	260.772722	19.690474
598	268.054146	19.690474
599	275.335571	19.690474
600	282.616995	19.690474
601	289.898419	19.690474
602	297.179844	19.690474
603	304.461268	19.690474
604	311.742693	19.690474
605	319.024117	19.690474
606	326.305541	19.690474
607	333.586966	19.690474
608	340.868390	19.690474
609	348.149815	19.690474
610	355.431239	19.690474
611	0.766179	26.546128
612	8.429769	26.546128
613	16.093358	26.546128
614	23.756948	26.546128
615	31.420538	26.546128
616	39.084128	26.546128
617	46.747717	26.546128
618	54.411307	26.546128
619	62.074897	26.546128
620	69.738487	26.546128
621	77.402076	26.546128
622	85.065666	26.546128
623	92.729256	26.546128
624	100.392846	26.546128
625	108.056435	26.546128
626	115.720025	26.546128
627	123.383615	26.546128
628	131.047205	26.546128
629	138.710794	26.546128
630	146.374384	26.546128
631	154.037974	26.546128
632	161.701564	26.546128
633	169.365153	26.546128
634	177.028743	26.546128
635	184.692333	26.546128
636	192.355923	26.546128
637	200.019513	26.546128
638	207.683102	26.546128
639	215.346692	26.546128
640	223.010282	26.546128
641	230.673872	26.546128
642	238.337461	26.546128
643	246.001051	26.546128
644	253.664641	26.546128
645	261.328231	26.546128
646	268.991820	26.546128
647	276.655410	26.546128
648	284.319000	26.546128
649	291.982590	26.546128
650	299.646179	26.546128
651	307.309769	26.546128
652	314.973359	26.546128
653	322.636949	26.546128
654	330.300538	26.546128
655	337.964128	26.546128
656	345.627718	26.546128
657	353.291308	26.546128
658	5.712137	33.401783
659	13.924166	33.401783
660	22.136196	33.401783
661	30.348225	33.401783
662	38.560255	33.401783
663	46.772284	33.401783
664	54.984314	33.401783
665	63.196343	33.401783
666	71.408372	33.401783
667	79.620402	33.401783
668	87.832431	33.401783
669	96.044461	33.401783
670	104.256490	33.401783
671	112.468520	33.401783
672	120.680549	33.401783
673	128.892579	33.401783
674	137.104608	33.401783
675	145.316638	33.401783
676	153.528667	33.401783
677	161.740697	33.401783
678	169.952726	33.401783
679	178.164756	33.401783
680	186.376785	33.401783
681	194.588815	33.401783
682	202.800844	33.401783
683	211.012874	33.401783
684	219.224903	33.401783
685	227.436933	33.401783
686	235.648962	33.401783
687	243.860992	33.401783
688	252.073021	33.401783
689	260.285051	33.401783
690	268.497080	33.401783
691	276.709109	33.401783
692	284.921139	33.401783
693	293.133168	33.401783
694	301.345198	33.401783
695	309.557227	33.401783
696	317.769257	33.401783
697	325.981286	33.401783
698	334.193316	33.401783
699	342.405345	33.401783
700	350.617375	33.401783
701	358.829404	33.401783
702	8.670970	40.257437
703	17.654351	40.257437
704	26.637732	40.257437
705	35.621113	40.257437
706	44.604494	40.257437
707	53.587876	40.257437
708	62.571257	40.257437
709	71.554638	40.257437
710	80.538019	40.257437
711	89.521400	40.257437
712	98.504781	40.257437
713	107.488162	40.257437
714	116.471543	40.257437
715	125.454924	40.257437
716	134.438305	40.257437
717	143.421686	40.257437
718	152.405067	40.257437
719	161.388448	40.257437
720	170.371829	40.257437
721	179.355210	40.257437
722	188.338591	40.257437
723	197.321972	40.257437
724	206.305353	40.257437
725	215.288734	40.257437
726	224.272116	40.257437
727	233.255497	40.257437
728	242.238878	40.257437
729	251.222259	40.257437
730	260.205640	40.257437
731	269.189021	40.257437
732	278.172402	40.257437
733	287.155783	40.257437
734	296.139164	40.257437
735	305.122545	40.257437
736	314.105926	40.257437
737	323.089307	40.257437
738	332.072688	40.257437
739	341.056069	40.257437
740	350.039450	40.257437
741	359.022831	40.257437
742	7.000436	47.113092
743	17.074082	47.113092
744	27.147728	47.113092
745	37.221373	47.113092
746	47.295019	47.113092
747	57.368665	47.113092
748	67.442311	47.113092
749	77.515957	47.113092
750	87.589603	47.113092
751	97.663249	47.113092
752	107.736894	47.113092
753	117.810540	47.113092
754	127.884186	47.113092
755	137.957832	47.113092
756	148.031478	47.113092
757	158.105124	47.113092
758	168.178770	47.113092
759	178.252415	47.113092
760	188.326061	47.113092
761	198.399707	47.113092
762	208.473353	47.113092
763	218.546999	47.113092
764	228.620645	47.113092
765	238.694290	47.113092
766	248.767936	47.113092
767	258.841582	47.113092
768	268.915228	47.113092
769	278.988874	47.113092
770	289.062520	47.113092
771	299.136166	47.113092
772	309.209811	47.113092
773	319.283457	47.113092
774	329.357103	47.113092
775	339.430749	47.113092
776	349.504395	47.113092
777	359.578041	47.113092
778	4.718004	53.968747
779	16.372792	53.968747
780	28.027580	53.968747
781	39.682368	53.968747
782	51.337155	53.968747
783	62.991943	53.968747
784	74.646731	53.968747
785	86.301519	53.968747
786	97.956306	53.968747
787	109.611094	53.968747
788	121.265882	53.968747
789	132.920670	53.968747
790	144.575458	53.968747
791	156.230245	53.968747
792	167.885033	53.968747
793	179.539821	53.968747
794	191.194609	53.968747
795	202.849397	53.968747
796	214.504184	53.968747
797	226.158972	53.968747
798	237.813760	53.968747
799	249.468548	53.968747
800	261.123336	53.968747
801	272.778123	53.968747
802	284.432911	53.968747
803	296.087699	53.968747
804	307.742487	53.968747
805	319.397275	53.968747
806	331.052062	53.968747
807	342.706850	53.968747
808	354.361638	53.968747
809	2.119515	60.824401
810	16.182746	60.824401
811	30.245978	60.824401
812	44.309210	60.824401
813	58.372441	60.824401
814	72.435673	60.824401
815	86.498905	60.824401
816	100.562136	60.824401
817	114.625368	60.824401
818	128.688599	60.824401
819	142.751831	60.824401
820	156.815063	60.824401
821	170.878294	60.824401
822	184.941526	60.824401
823	199.004758	60.824401
824	213.067989	60.824401
825	227.131221	60.824401
826	241.194452	60.824401
827	255.257684	60.824401
828	269.320916	60.824401
829	283.384147	60.824401
830	297.447379	60.824401
831	311.510611	60.824401
832	325.573842	60.824401
833	339.637074	60.824401
834	353.700305	60.824401
835	15.351083	67.680056
836	33.402816	67.680056
837	51.454549	67.680056
838	69.506282	67.680056
839	87.558015	67.680056
840	105.609748	67.680056
841	123.661481	67.680056
842	141.713214	67.680056
843	159.764947	67.680056
844	177.816680	67.680056
845	195.868413	67.680056
846	213.920147	67.680056
847	231.971880	67.680056
848	250.023613	67.680056
849	268.075346	67.680056
850	286.127079	67.680056
851	304.178812	67.680056
852	322.230545	67.680056
853	340.282278	67.680056
854	358.334011	67.680056
855	16.520163	74.535710
856	42.231658	74.535710
857	67.943153	74.535710
858	93.654648	74.535710
859	119.366143	74.535710
860	145.077638	74.535710
861	170.789133	74.535710
862	196.500628	74.535710
863	222.212123	74.535710
864	247.923618	74.535710
865	273.635113	74.535710
866	299.346608	74.535710
867	325.058103	74.535710
868	350.769598	74.535710
869	11.679219	81.391365
870	57.479961	81.391365
871	103.280703	81.391365
872	149.081445	81.391365
873	194.882187	81.391365
874	240.682929	81.391365
875	286.483671	81.391365
876	332.284414	81.391365
877	103.462031	88.247020
878	327.572560	88.247020
